name: bioinfo_lab4
channels:
  - conda-forge
  - bioconda
  - defaults
dependencies:
  - _openmp_mutex=4.5=20_gnu
  - blast=2.17.0=h66d330f_0
  - bowtie2=2.5.5=ha27dd3b_0
  - bzip2=1.0.8=hda65f42_9
  - c-ares=1.34.6=hb03c661_0
  - ca-certificates=2026.2.25=hbd8a1cb_0
  - curl=8.19.0=hcf29cc6_0
  - entrez-direct=24.0=he881be0_0
  - htslib=1.23=h566b1c6_0
  - icu=78.2=h33c6efd_0
  - k8=1.2=he8db53b_6
  - kernel-headers_linux-64=5.14.0=he073ed8_3
  - keyutils=1.6.3=hb9d3cd8_0
  - krb5=1.22.2=ha1258a1_0
  - ld_impl_linux-64=2.45.1=default_hbd61a6d_101
  - libcurl=8.19.0=hcf29cc6_0
  - libdeflate=1.22=hb9d3cd8_0
  - libedit=3.1.20250104=pl5321h7949ede_0
  - libev=4.33=hd590300_2
  - libexpat=2.7.4=hecca717_0
  - libffi=3.5.2=h3435931_0
  - libgcc=15.2.0=he0feb66_18
  - libgcc-ng=15.2.0=h69a702a_18
  - libgomp=15.2.0=he0feb66_18
  - libidn2=2.3.8=hfac485b_1
  - liblzma=5.8.2=hb03c661_0
  - libmpdec=4.0.0=hb03c661_1
  - libnghttp2=1.67.0=had1ee68_0
  - libsqlite=3.52.0=hf4e2dac_0
  - libssh2=1.11.1=hcf80075_0
  - libstdcxx=15.2.0=h934c35e_18
  - libunistring=0.9.10=h7f98852_0
  - libuuid=2.41.3=h5347b49_0
  - libxcrypt=4.4.36=hd590300_1
  - libzlib=1.3.1=hb9d3cd8_2
  - minimap2=2.30=h577a1d6_0
  - ncbi-vdb=3.3.0=h9948957_0
  - ncurses=6.5=h2d0b736_3
  - openssl=3.6.1=h35e630c_1
  - pcre2=10.47=haa7fec5_0
  - perl=5.32.1=7_hd590300_perl5
  - perl-archive-tar=3.04=pl5321hdfd78af_0
  - perl-carp=1.50=pl5321hd8ed1ab_0
  - perl-common-sense=3.75=pl5321hd8ed1ab_0
  - perl-compress-raw-bzip2=2.214=pl5321hda65f42_0
  - perl-compress-raw-zlib=2.214=pl5321h4dac143_0
  - perl-encode=3.21=pl5321hb9d3cd8_1
  - perl-exporter=5.74=pl5321hd8ed1ab_0
  - perl-exporter-tiny=1.002002=pl5321hd8ed1ab_0
  - perl-extutils-makemaker=7.70=pl5321hd8ed1ab_0
  - perl-io-compress=2.216=pl5321h503566f_0
  - perl-io-zlib=1.15=pl5321hdfd78af_1
  - perl-json=4.10=pl5321hdfd78af_1
  - perl-json-xs=4.04=pl5321h9948957_0
  - perl-list-moreutils=0.430=pl5321hdfd78af_0
  - perl-list-moreutils-xs=0.430=pl5321h7b50bb2_5
  - perl-parent=0.243=pl5321hd8ed1ab_0
  - perl-pathtools=3.75=pl5321hb9d3cd8_2
  - perl-scalar-list-utils=1.70=pl5321hb03c661_0
  - perl-storable=3.15=pl5321hb9d3cd8_2
  - perl-types-serialiser=1.01=pl5321hdfd78af_0
  - pip=26.0.1=pyh145f28c_0
  - python=3.14.3=h32b2ec7_101_cp314
  - python_abi=3.14=8_cp314
  - readline=8.3=h853b02a_0
  - samtools=1.23=h96c455f_0
  - sysroot_linux-64=2.34=h087de78_3
  - tk=8.6.13=noxft_h366c992_103
  - tzdata=2025c=hc9c84f9_1
  - wget=1.25.0=h653f8fd_1
  - zlib=1.3.1=hb9d3cd8_2
  - zstd=1.5.7=hb78ec9c_6
prefix: /home/kamtas/miniconda3/envs/bioinfo_lab4
